-99999
-73692
51126
-8267
6557
-56207
-90591
35778
35864
86945
-23297
3887
66199
-93086
-89308
5944
34235
-98461
-23314
-86632
-16500
37359
17799
86094
69239
5389
-81607
30788
-16797
40243
82071
52445
-47508
-90507
47222
-34351
26532
51287
98215
-26930
-50591
96517
44537
50677
30308
-85463
26331
76948
-45456
-12715
53304
-4450
-52444
-45017
-28145
-66698
-2693
79538
81848
-87887
80937
908
3262
-36191
97336
-1201
-46770
-81853
89560
-85250
145
-23169
-44582
82770
5953
-7108
88203
-89983
52308
54046
65569
-74926
-96827
37696
73656
25913
47250
45088
99899
77721
-53360
-38734
-29795
2658
18227
69202
-17581
68308
-46135
-16918
7464
-6413
-42556
-64334
-69255
14335
60487
-93389
6894
-301
91079
49664
10921
78154
24974
68414
-68046
-57449
42947
-73914
-81802
-45081
-99401
-17139
-94625
41969
87586
-52016
-63820
-36490
77405
30416
-69932
36274
-22835
-22452
-48
-70493
17441
69121
18026
91089
11233
-70369
96668
-18244
-71635
12984
-49573
-2294
-7191
92226
-74793
-60048
-36148
25858
-74657
30255
24331
60620
-50430
-4710
-22135
-59349
-94325
80341
-14698
-71595
89504
-17935
-73762
77136
-81565
-67560
-85787
-26930
-49387
-72978
56636
-8935
-30093
-9537
61795
86342
30334
-56949
35923
81791
-49973
72178
-5744
1195
20083
63518
51174
-7548
90280
26552
-12131
64945
37801
40446
97436
90890
70260
-42135
7489
2890
-79313
-17192
15347
75319
-11989
45955
73859
43134
60150
41312
48348
-96182
77213
5001
-7332
-86961
42690
-2208
33541
36415
-60088
83333
73183
78010
8793
-72160
-9928
97880
-56892
-10792
-36852
2935
76307
-12052
-6491
61336
-26966
-57695
99831
-69278
26102
23274
-99881
-99825
54676
45472
-36162
-16453
36504
36117
-58947
67290
41789
65748
-81090
-83652
52806
25919
-57228
-57289
-83788
-22233
90439
89516
-22027
-46155
38439
-43191
55379
56779
-15505
-43567
-61205
-97737
-61634
96654
-51188
63951
-72708
-20369
20206
-64623
65677
-68453
97595
-48565
-53279
-79672
-56117
26948
39206
58960
39253
50593
33909
26690
-88712
19647
-54597
-36242
39972
-76512
52520
5228
10786
17602
-34065
40603
-71390
-67662
-2932
72051
62659
11371
47805
-36797
-72933
5713
-37850
17628
3620
-13828
-48230
-25952
-21394
-10624
-4818
-22431
-44140
-84347
-26049
-49214
34362
35252
2791
45727
44159
88957
-7857
88039
-35686
-7910
3433
32276
-19631
21132
97308
-69921
34024
-31234
8346
4565
65854
-97010
-45156
28600
9231
83576
-46676
94024
-50652
68801
38810
-8847
63426
-95584
-67849
41395
41570
-12669
16488
50347
98314
39141
-44096
50778
-65763
-99150
-858
-84017
-67383
80667
56604
49341
-12712
-98732
16961
3699
-86630
8808
-22051
-56834
-22844
25377
31815
41869
7736
-43941
63192
-25616
37225
-37964
-98131
-79240
4196
55182
-55862
-88944
-85873
-67944
44758
-40594
-89880
-4436
-8565
4001
-10699
-69937
-42810
66742
39132
15559
36238
-33763
-88505
97384
8482
-99669
71245
-94129
-24487
-2066
15239
47797
35871
7257
-92883
-75498
94678
-62344
-29734
22829
21527
-74813
10576
90813
-28613
67626
94858
-48196
-49693
-15130
62615
79589
-51081
52129
38976
-9627
-47274
33105
-76685
-58086
-77264
9399
-98785
-64804
19876
-13615
-83499
37488
-24936
67247
-75272
94676
-94073
-83929
-1148
53893
86813
-49967
-28066
53828
-6
49856
34385
36338
51359
-92727
-53884
-55665
12524
30529
23326
-25704
-55039
-53260
30607
-66814
48826
-68048
-90472
32403
-75011
89838
-3161
24213
82812
-96411
18713
44379
-680
-89261
-11671
3839
54394
-86929
-11439
95443
-6449
-34187
-10811
48660
-58931
-65723
-25494
87952
92977
-49007
-85933
-75230
5271
-67983
3545
-78963
68321
-26285
-15219
-34552
42714
15359
74383
51655
67326
39963
-22185
87055
21125
-27581
7905
-8982
-19659
-51911
-83383
-15681
-5521
-42045
-79006
-56722
60409
5491
33769
72735
-51249
42318
-47266
-23433
-83799
-8044
-53425
59076
-1728
-99355
-46775
32942
-14959
-62634
92702
-73192
59177
89216
-65768
21204
-87239
-30499
-41505
1935
65173
66874
45294
-34111
60423
26357
-90932
-91716
-69336
53418
-87654
3864
85837
-55896
-59086
-82201
39943
41297
-1070
-47643
42319
-24324
-59870
-53477
-12778
-6097
72244
95455
-11093
-93152
4758
-93672
50640
18322
64584
-34082
-53583
7309
-13873
-19281
97472
93389
70112
73509
-37677
-70321
99527
27909
-6382
86390
38159
63087
8311
14565
-68156
89057
64273
-68917
-91785
-31275
-77996
-80692
3758
-95519
12301
71381
3385
34910
47440
39697
-95440
-61602
34203
-30823
-86742
-71857
84230
-55667
-23975
17207
-66537
-94732
38230
52474
42744
-84535
17966
85107
85946
-13908
1197
66257
83854
20332
44772
3871
-1833
-67715
95230
14876
-45348
6289
39717
33415
-80513
9751
22152
33598
-972
14320
17782
-11734
-69756
458
46278
-93669
-89677
4416
-35870
-92988
-50970
-78564
-23404
10370
19438
22226
87057
54412
2633
-2660
30030
39404
-18490
-2627
-4040
42095
6843
-44669
21112
-43978
40679
6102
87658
-52918
-17298
19499
56606
84057
36303
64241
5486
-53945
-71263
79911
-49714
30307
-99037
87194
-44928
71759
-44213
90493
1367
-75410
-16702
40499
-12699
-78452
53240
-80027
-11744
-31083
-40585
51530
-32296
-33846
-88879
14641
-2940
-59503
-77105
94877
72928
-1629
-26519
60988
-67558
-68083
-88455
-70149
-6377
-23876
76747
-15170
-17548
30263
-38333
-87972
62889
79538
83905
80250
54015
-65840
14492
-93720
60659
4446
72331
-44559
73905
17376
-22163
62385
5138
87981
-15990
15977
49834
76163
-32381
-62089
48630
43789
75839
-85426
42028
75818
-28122
-82029
-67793
-16638
-80714
34943
12526
62615
75645
53878
27046
79311
75689
-2703
-77386
-24501
-23474
37520
-75652
-84636
-71339
-4469
41723
-52395
-21804
95183
25758
36245
81745
-27518
71849
58861
-14222
-85298
-271
-3222
-9850
-65
48157
86575
-39974
-70760
-77996
-83935
94502
-18362
-52317
92639
66701
-60383
-74103
-60737
-32174
15140
-11943
17139
-13422
-26357
-23534
20031
-14103
-70242
34044
99087
39618
-19449
69862
63911
58682
-25148
-98079
-4041
27816
29304
28984
59813
-24525
-28463
-22097
-33137
38723
-71020
-41693
33376
70879
-37058
-71171
20454
-98883
84173
-23607
3310
-31107
-47172
-41798
66736
-75121
26928
-90261
-8388
-24634
-68825
51177
33199
-97694
58982
12187
-42267
-16885
-35876
2922
43836
68415
-53620
-6995
-25326
-89991
-85230
-59509
13240
66311
-15487
67916
-41390
-63760
-28493
86829
17888
-26190
-7385
25570
88897
-18840
-89904
-11027
19190
49668
72841
-73795
-79084
33066
66682
16261
31723
96414
-96217
84301
-61063
93552
4618
-44239
43964
18096
67422
66944
31982
46095
28610
-30092
6979
32834
-35312
73844
-11523
83600
-44665
90358
-76552
-16796
67281
92514
-33412
5240
7195
63627
85985
32583
-51353
