1
1316
7557
4587
5328
2190
471
6789
6793
9347
3836
5195
8310
346
535
5298
6712
77
3835
669
4175
6868
5890
9305
8462
5270
920
6540
4161
7012
9104
7622
2625
475
7361
3283
6327
7565
9911
3654
2471
9826
7227
7534
6516
727
6317
8848
2728
4365
7665
4778
2378
2750
3593
1666
4866
8977
9093
606
9047
5046
5163
3191
9867
4940
2662
908
9478
738
5008
3842
2771
9139
5298
4645
9410
501
7616
7703
8279
1254
159
6885
8683
6296
7363
7255
9995
8886
2332
3064
3511
5133
5912
8460
4121
8416
2694
4154
5374
4680
2873
1784
1538
5717
8025
331
5345
4985
9554
7483
5546
8908
6249
8421
1598
2128
7148
1305
910
2746
30
4143
269
7099
9379
2400
1809
3176
8870
6521
1504
6814
3859
3878
4998
1476
5872
8456
5902
9555
5562
1482
9834
4088
1419
5649
2522
4886
4641
9611
1261
1998
3193
6293
1268
6513
6217
8031
2479
4765
3894
2033
284
9017
4265
1421
9475
4104
1312
8857
922
1622
711
3654
2531
1352
7832
4554
3496
4524
8090
9317
6517
2153
6796
9090
2502
8609
4713
5060
6004
8176
7559
4623
9514
6328
4394
8247
6890
7023
9872
9545
8513
2894
5375
5145
1035
4141
5768
8766
4401
7298
8693
7157
8008
7066
7418
191
8861
5250
4634
652
7135
4890
6677
6821
1996
9167
8659
8901
5440
1392
4504
9894
2156
4461
3158
5147
8816
4398
4676
8067
3652
2116
9992
1537
6305
6164
6
9
7734
7274
3192
4178
6825
6806
2053
8365
7090
8288
946
818
7641
6296
2139
2136
811
3889
9522
9476
3899
2693
6922
2841
7769
7839
4225
2822
1940
114
1919
9833
2441
8198
1365
3982
6011
1769
8284
1578
9880
2572
2336
1017
2195
6348
6961
7948
6963
7530
6696
6335
565
5983
2271
3188
6999
1175
7626
5262
5540
5880
3297
7030
1431
1617
4854
8603
8133
5569
7390
3161
1354
5286
3108
5882
5181
4309
2589
3703
3931
4469
4759
3879
2793
783
3698
2540
6718
6763
5140
7287
7208
9448
4607
9402
3216
4605
5172
6614
4019
6057
9866
1504
6701
3439
5418
5229
8293
150
2743
6430
5462
9179
2667
9701
2468
8440
6941
4558
8172
221
1608
7070
7079
4367
5825
7518
9916
6957
2796
7539
1712
43
4957
800
1631
9034
7830
7467
4365
64
5848
5185
669
5441
3898
2159
3858
6269
6591
7094
5387
2803
8160
3720
6862
3102
94
1038
5210
7759
2207
553
707
1603
7238
2971
507
4779
4572
5200
4465
1504
2860
8337
6957
5778
6812
3312
575
9869
5424
17
8562
294
3776
4897
5762
7390
6794
5363
356
1226
9734
1883
3514
6142
6077
1260
5529
9541
3570
8382
9743
2591
2516
4244
8131
8980
2446
7607
6949
4519
2637
6656
1166
2096
1137
5470
61
1760
5994
4320
826
6875
3754
8363
1237
9734
297
804
4943
7695
9341
2502
3597
7692
5000
7493
6720
6817
7568
364
2306
2217
5627
6527
6167
3715
2249
2337
6531
1660
7442
1598
477
6620
1250
9492
4842
6211
9141
180
5936
7219
4966
537
4417
5192
7720
654
4428
9772
4678
3291
4460
7433
2054
1714
3726
9398
9649
2550
704
1239
5264
1601
5178
1052
8416
3686
4239
3273
7136
5768
8719
7583
8366
6998
3891
9353
6057
3621
5396
4551
4017
2405
831
4216
4724
2898
1050
2164
8021
5275
6689
8637
2438
7116
2637
3829
811
4598
2329
7954
4914
33
2662
6647
4252
1869
9635
1341
7959
9461
1712
6061
639
3475
2925
5097
8259
8344
7265
3295
8021
6318
454
415
1534
7671
618
5194
9292
2206
2046
890
6997
7065
4947
2618
7116
3784
2007
2327
4361
4695
8612
9773
4446
343
5238
317
7532
5916
8229
3296
2321
5366
4307
4036
9874
9670
8506
8676
3117
1484
9977
6396
4681
9320
6908
8155
5416
5729
1593
9453
8214
1555
411
3437
1101
966
5188
225
5615
8569
5170
6746
7372
6985
228
1920
6710
3459
663
1408
9212
2217
3802
5861
1674
264
6912
7624
7137
774
5899
9256
9297
4305
5060
8313
9193
6017
7239
5194
4909
1615
9762
5744
2733
5315
6986
6671
975
5488
6108
6680
4952
5716
5889
4414
1513
5023
7314
317
517
5221
3207
351
2452
1072
3830
5519
5972
6112
9353
7721
5132
4867
6502
6970
4076
4869
4798
7105
5342
2767
6056
2802
7034
5305
9383
2355
4135
5975
7831
9203
6815
8212
5275
2303
1437
8996
2515
6516
49
9360
2754
8588
2790
9525
5069
1230
4165
7025
4365
1078
7662
999
4413
3446
2971
7577
3386
3308
557
5732
4853
2025
1145
9744
8647
4919
3674
8050
1623
1596
578
1493
4682
3807
8838
4242
4123
6513
3084
602
8145
8977
9195
9013
7701
1708
5725
315
8033
5223
8617
2772
8695
5869
3892
8119
5257
9399
4201
5799
7492
8808
3381
1896
7432
7190
8792
729
7102
8791
3594
899
1611
4168
965
6747
5627
8131
8782
7694
6353
8966
8785
4865
1131
3775
3827
6876
1218
769
1434
4777
7086
2381
3910
9759
6288
6812
9087
3625
8593
7943
4289
736
4987
4839
4508
4997
7408
9329
3002
1462
1101
804
9725
4082
2385
9632
8335
1981
1295
1964
3392
5757
4403
5857
4329
3683
3824
6002
4295
1488
6702
9955
6981
4028
8493
8196
7934
3743
97
4798
6391
6465
6449
7991
3774
3577
3896
3344
6936
1449
2916
6669
8544
3147
1442
6023
56
9209
3820
5166
3445
2642
2911
8337
1244
6347
487
4581
3769
1559
7559
6660
116
7949
5610
2887
4156
3207
5146
7192
8421
2319
4651
3734
501
739
2025
5662
8316
4226
8396
2931
1812
3576
9342
5895
3691
4631
6279
9445
4058
505
4449
5960
7484
8642
1311
1046
6654
8334
5813
6586
9821
190
9215
1947
9678
5231
2788
7198
5905
8371
8347
6599
7305
6431
3496
5349
6642
3235
8692
4424
9180
2767
9518
1173
4161
8364
9626
3330
5262
5360
8182
9299
6629
2433
