1
6
9
17
30
33
43
49
56
61
64
77
94
97
114
116
150
159
180
190
191
221
225
228
264
269
284
294
297
315
317
317
331
343
346
351
356
364
411
415
454
471
475
477
487
501
501
505
507
517
535
537
553
557
565
575
578
602
606
618
639
652
654
663
669
669
704
707
711
727
729
736
738
739
769
774
783
800
804
804
811
811
818
826
831
890
899
908
910
920
922
946
965
966
975
999
1017
1035
1038
1046
1050
1052
1072
1078
1101
1101
1131
1137
1145
1166
1173
1175
1218
1226
1230
1237
1239
1244
1250
1254
1260
1261
1268
1295
1305
1311
1312
1316
1341
1352
1354
1365
1392
1408
1419
1421
1431
1434
1437
1442
1449
1462
1476
1482
1484
1488
1493
1504
1504
1504
1513
1534
1537
1538
1555
1559
1578
1593
1596
1598
1598
1601
1603
1608
1611
1615
1617
1622
1623
1631
1660
1666
1674
1708
1712
1712
1714
1760
1769
1784
1809
1812
1869
1883
1896
1919
1920
1940
1947
1964
1981
1996
1998
2007
2025
2025
2033
2046
2053
2054
2096
2116
2128
2136
2139
2153
2156
2159
2164
2190
2195
2206
2207
2217
2217
2249
2271
2303
2306
2319
2321
2327
2329
2332
2336
2337
2355
2378
2381
2385
2400
2405
2433
2438
2441
2446
2452
2468
2471
2479
2502
2502
2515
2516
2522
2531
2540
2550
2572
2589
2591
2618
2625
2637
2637
2642
2662
2662
2667
2693
2694
2728
2733
2743
2746
2750
2754
2767
2767
2771
2772
2788
2790
2793
2796
2802
2803
2822
2841
2860
2873
2887
2894
2898
2911
2916
2925
2931
2971
2971
3002
3064
3084
3102
3108
3117
3147
3158
3161
3176
3188
3191
3192
3193
3207
3207
3216
3235
3273
3283
3291
3295
3296
3297
3308
3312
3330
3344
3381
3386
3392
3437
3439
3445
3446
3459
3475
3496
3496
3511
3514
3570
3576
3577
3593
3594
3597
3621
3625
3652
3654
3654
3674
3683
3686
3691
3698
3703
3715
3720
3726
3734
3743
3754
3769
3774
3775
3776
3784
3802
3807
3820
3824
3827
3829
3830
3835
3836
3842
3858
3859
3878
3879
3889
3891
3892
3894
3896
3898
3899
3910
3931
3982
4017
4019
4028
4036
4058
4076
4082
4088
4104
4121
4123
4135
4141
4143
4154
4156
4161
4161
4165
4168
4175
4178
4201
4216
4225
4226
4239
4242
4244
4252
4265
4289
4295
4305
4307
4309
4320
4329
4361
4365
4365
4365
4367
4394
4398
4401
4403
4413
4414
4417
4424
4428
4446
4449
4460
4461
4465
4469
4504
4508
4519
4524
4551
4554
4558
4572
4581
4587
4598
4605
4607
4623
4631
4634
4641
4645
4651
4676
4678
4680
4681
4682
4695
4713
4724
4759
4765
4777
4778
4779
4798
4798
4839
4842
4853
4854
4865
4866
4867
4869
4886
4890
4897
4909
4914
4919
4940
4943
4947
4952
4957
4966
4985
4987
4997
4998
5000
5008
5023
5046
5060
5060
5069
5097
5132
5133
5140
5145
5146
5147
5163
5166
5170
5172
5178
5181
5185
5188
5192
5194
5194
5195
5200
5210
5221
5223
5229
5231
5238
5250
5257
5262
5262
5264
5270
5275
5275
5286
5298
5298
5305
5315
5328
5342
5345
5349
5360
5363
5366
5374
5375
5387
5396
5416
5418
5424
5440
5441
5462
5470
5488
5519
5529
5540
5546
5562
5569
5610
5615
5627
5627
5649
5662
5716
5717
5725
5729
5732
5744
5757
5762
5768
5768
5778
5799
5813
5825
5848
5857
5861
5869
5872
5880
5882
5889
5890
5895
5899
5902
5905
5912
5916
5936
5960
5972
5975
5983
5994
6002
6004
6011
6017
6023
6056
6057
6057
6061
6077
6108
6112
6142
6164
6167
6211
6217
6249
6269
6279
6288
6293
6296
6296
6305
6317
6318
6327
6328
6335
6347
6348
6353
6391
6396
6430
6431
6449
6465
6502
6513
6513
6516
6516
6517
6521
6527
6531
6540
6586
6591
6599
6614
6620
6629
6642
6647
6654
6656
6660
6669
6671
6677
6680
6689
6696
6701
6702
6710
6712
6718
6720
6746
6747
6763
6789
6793
6794
6796
6806
6812
6812
6814
6815
6817
6821
6825
6862
6868
6875
6876
6885
6890
6908
6912
6922
6936
6941
6949
6957
6957
6961
6963
6970
6981
6985
6986
6997
6998
6999
7012
7023
7025
7030
7034
7065
7066
7070
7079
7086
7090
7094
7099
7102
7105
7116
7116
7135
7136
7137
7148
7157
7190
7192
7198
7208
7219
7227
7238
7239
7255
7265
7274
7287
7298
7305
7314
7361
7363
7372
7390
7390
7408
7418
7432
7433
7442
7467
7483
7484
7492
7493
7518
7530
7532
7534
7539
7557
7559
7559
7565
7568
7577
7583
7607
7616
7622
7624
7626
7641
7662
7665
7671
7692
7694
7695
7701
7703
7720
7721
7734
7759
7769
7830
7831
7832
7839
7934
7943
7948
7949
7954
7959
7991
8008
8021
8021
8025
8031
8033
8050
8067
8090
8119
8131
8131
8133
8145
8155
8160
8172
8176
8182
8196
8198
8212
8214
8229
8247
8259
8279
8284
8288
8293
8310
8313
8316
8334
8335
8337
8337
8344
8347
8363
8364
8365
8366
8371
8382
8396
8416
8416
8421
8421
8440
8456
8460
8462
8493
8506
8513
8544
8562
8569
8588
8593
8603
8609
8612
8617
8637
8642
8647
8659
8676
8683
8692
8693
8695
8719
8766
8782
8785
8791
8792
8808
8816
8838
8848
8857
8861
8870
8886
8901
8908
8966
8977
8977
8980
8996
9013
9017
9034
9047
9087
9090
9093
9104
9139
9141
9167
9179
9180
9193
9195
9203
9209
9212
9215
9256
9292
9297
9299
9305
9317
9320
9329
9341
9342
9347
9353
9353
9360
9379
9383
9398
9399
9402
9410
9445
9448
9453
9461
9475
9476
9478
9492
9514
9518
9522
9525
9541
9545
9554
9555
9611
9626
9632
9635
9649
9670
9678
9701
9725
9734
9734
9743
9744
9759
9762
9772
9773
9821
9826
9833
9834
9866
9867
9869
9872
9874
9880
9894
9911
9916
9955
9977
9992
9995
